0.10827871 37.76141
0.11430225 37.496712
0.12065695 37.296501
0.12736414 37.098518
0.13444087 36.832108
0.14191415 36.501991
0.14978824 36.189377
0.15810862 36.037796
0.16689235 36.091751
0.17615221 36.200802
0.18592091 36.16695
0.19625247 35.870636
0.20713547 35.400402
0.2186268 34.885502
0.23074495 34.411945
0.24353962 34.044312
0.25704211 33.764549
0.27129078 33.520283
0.28632402 33.298222
0.30219017 33.080181
0.31893183 32.838078
0.336603 32.565445
0.395687 31.716963
0.41760504 31.524988
0.4407312 31.368563
0.46513654 31.231312
0.49088642 31.076019
0.51806472 30.88526
0.54674674 30.675402
0.57701066 30.494209
0.60894605 30.353756
0.64264947 30.230902
0.67821054 30.121643
0.71574579 29.987585
0.75535612 29.83132
0.79714087 29.603174
0.84124525 29.276375
0.88779706 28.814932
0.9369185 28.21007
0.98875163 27.443165
1.04345 26.476425
1.1011898 25.303019
1.1621004 23.933559
1.2263793 22.386684
1.2942196 20.69632
1.3658164 18.920168
1.441361 17.120203
1.5210825 15.352708
1.6052209 13.660414
1.6939993 12.056005
1.7876862 10.550975
1.8865572 9.1567574
1.9908878 7.8819423
2.1009935 6.7340117
2.2171853 5.7165432
2.3398 4.829031
2.4691951 4.0663204
2.6057303 3.4210861
2.7498212 2.88748
2.9018798 2.4562173
3.0623376 2.1072309
3.2316658 1.8114363
3.4103367 1.5551629
3.5989028 1.3420206
3.7978873 1.1727659
4.0078676 1.0277112
4.2294389 0.90707278
4.4632676 0.81394714
4.7100002 0.73146182
4.9703786 0.66097063
5.2451378 0.60167116
5.5350673 0.55391175
5.8410156 0.51476216
6.1638528 0.48176974
6.5045193 0.44674584
